#
#
# CentOS_netstat-ic
#
#
#


pauly ::> netstat -ic
##########-----------------------------------------
eth0      1500 21400626      0      0 0       7353201      0      0      0 BMRU
eth0      1500 21400641      0      0 0       7353213      0      0      0 BMRU
eth0      1500 21400678      0      0 0       7353246      0      0      0 BMRU
eth0      1500 21400688      0      0 0       7353257      0      0      0 BMRU
eth0      1500 21400700      0      0 0       7353258      0      0      0 BMRU
eth0      1500 21401055      0      0 0       7354108      0      0      0 BMRU
eth0      1500 21402500      0      0 0       7354848      0      0      0 BMRU
eth0      1500 21403335      0      0 0       7355042      0      0      0 BMRU
eth0      1500 21405394      0      0 0       7355357      0      0      0 BMRU
eth0      1500 21409159      0      0 0       7356835      0      0      0 BMRU
eth0      1500 21413602      0      0 0       7361127      0      0      0 BMRU
eth0      1500 21418117      0      0 0       7363618      0      0      0 BMRU
eth0      1500 21422199      0      0 0       7366535      0      0      0 BMRU
eth0      1500 21427101      0      0 0       7370688      0      0      0 BMRU
eth0      1500 21431936      0      0 0       7374364      0      0      0 BMRU
eth0      1500 21436263      0      0 0       7377683      0      0      0 BMRU
eth0      1500 21440992      0      0 0       7381615      0      0      0 BMRU
eth0      1500 21444888      0      0 0       7384922      0      0      0 BMRU
eth0      1500 21444895      0      0 0       7384922      0      0      0 BMRU
eth0      1500 21444903      0      0 0       7384922      0      0      0 BMRU
eth0      1500 21444927      0      0 0       7384942      0      0      0 BMRU
eth0      1500 21444932      0      0 0       7384945      0      0      0 BMRU
eth0      1500 21444940      0      0 0       7384946      0      0      0 BMRU
eth0      1500 21444961      0      0 0       7384966      0      0      0 BMRU
